500.000000	20.000000	0.034522
600.000000	20.000000	0.033548
700.000000	20.000000	0.032961
800.000000	20.000000	0.032579
900.000000	20.000000	0.032318
1000.000000	20.000000	0.032131
1100.000000	20.000000	0.031992
1200.000000	20.000000	0.031887
1300.000000	20.000000	0.031805
1400.000000	20.000000	0.031740
1500.000000	20.000000	0.031687
1600.000000	20.000000	0.031644
1700.000000	20.000000	0.031609
1800.000000	20.000000	0.031579
1900.000000	20.000000	0.031554
2000.000000	20.000000	0.031532
2100.000000	20.000000	0.031514
2200.000000	20.000000	0.031498
2300.000000	20.000000	0.031484
2400.000000	20.000000	0.031471
2500.000000	20.000000	0.031461
2600.000000	20.000000	0.031451
2700.000000	20.000000	0.031442
2800.000000	20.000000	0.031435
2900.000000	20.000000	0.031428
3000.000000	20.000000	0.031422
3100.000000	20.000000	0.031416
3200.000000	20.000000	0.031411
3300.000000	20.000000	0.031406
3400.000000	20.000000	0.031402
3500.000000	20.000000	0.031398
3600.000000	20.000000	0.031394
3700.000000	20.000000	0.031391
3800.000000	20.000000	0.031388
3900.000000	20.000000	0.031385
4000.000000	20.000000	0.031383
4100.000000	20.000000	0.031380
4200.000000	20.000000	0.031378
4300.000000	20.000000	0.031376
4400.000000	20.000000	0.031374
4500.000000	20.000000	0.031372
4600.000000	20.000000	0.031371
4700.000000	20.000000	0.031369
4800.000000	20.000000	0.031367
4900.000000	20.000000	0.031366
5000.000000	20.000000	0.031365
500.000000	30.000000	0.021072
600.000000	30.000000	0.018907
700.000000	30.000000	0.017580
800.000000	30.000000	0.016725
900.000000	30.000000	0.016141
1000.000000	30.000000	0.015719
1100.000000	30.000000	0.015408
1200.000000	30.000000	0.015172
1300.000000	30.000000	0.014987
1400.000000	30.000000	0.014841
1500.000000	30.000000	0.014723
1600.000000	30.000000	0.014627
1700.000000	30.000000	0.014547
1800.000000	30.000000	0.014480
1900.000000	30.000000	0.014423
2000.000000	30.000000	0.014374
2100.000000	30.000000	0.014333
2200.000000	30.000000	0.014297
2300.000000	30.000000	0.014265
2400.000000	30.000000	0.014237
2500.000000	30.000000	0.014213
2600.000000	30.000000	0.014191
2700.000000	30.000000	0.014172
2800.000000	30.000000	0.014155
2900.000000	30.000000	0.014139
3000.000000	30.000000	0.014125
3100.000000	30.000000	0.014112
3200.000000	30.000000	0.014101
3300.000000	30.000000	0.014091
3400.000000	30.000000	0.014081
3500.000000	30.000000	0.014072
3600.000000	30.000000	0.014064
3700.000000	30.000000	0.014057
3800.000000	30.000000	0.014050
3900.000000	30.000000	0.014044
4000.000000	30.000000	0.014038
4100.000000	30.000000	0.014032
4200.000000	30.000000	0.014027
4300.000000	30.000000	0.014023
4400.000000	30.000000	0.014018
4500.000000	30.000000	0.014014
4600.000000	30.000000	0.014011
4700.000000	30.000000	0.014007
4800.000000	30.000000	0.014004
4900.000000	30.000000	0.014000
5000.000000	30.000000	0.013998
500.000000	40.000000	0.020563
600.000000	40.000000	0.016681
700.000000	40.000000	0.014337
800.000000	40.000000	0.012814
900.000000	40.000000	0.011770
1000.000000	40.000000	0.011022
1100.000000	40.000000	0.010469
1200.000000	40.000000	0.010048
1300.000000	40.000000	0.009721
1400.000000	40.000000	0.009461
1500.000000	40.000000	0.009251
1600.000000	40.000000	0.009080
1700.000000	40.000000	0.008937
1800.000000	40.000000	0.008818
1900.000000	40.000000	0.008717
2000.000000	40.000000	0.008631
2100.000000	40.000000	0.008557
2200.000000	40.000000	0.008493
2300.000000	40.000000	0.008436
2400.000000	40.000000	0.008387
2500.000000	40.000000	0.008344
2600.000000	40.000000	0.008305
2700.000000	40.000000	0.008271
2800.000000	40.000000	0.008240
2900.000000	40.000000	0.008213
3000.000000	40.000000	0.008188
3100.000000	40.000000	0.008165
3200.000000	40.000000	0.008145
3300.000000	40.000000	0.008126
3400.000000	40.000000	0.008109
3500.000000	40.000000	0.008094
3600.000000	40.000000	0.008079
3700.000000	40.000000	0.008066
3800.000000	40.000000	0.008054
3900.000000	40.000000	0.008043
4000.000000	40.000000	0.008033
4100.000000	40.000000	0.008023
4200.000000	40.000000	0.008014
4300.000000	40.000000	0.008006
4400.000000	40.000000	0.007998
4500.000000	40.000000	0.007991
4600.000000	40.000000	0.007984
4700.000000	40.000000	0.007978
4800.000000	40.000000	0.007972
4900.000000	40.000000	0.007966
5000.000000	40.000000	0.007961
500.000000	50.000000	0.024871
600.000000	50.000000	0.018822
700.000000	50.000000	0.015167
800.000000	50.000000	0.012791
900.000000	50.000000	0.011161
1000.000000	50.000000	0.009994
1100.000000	50.000000	0.009131
1200.000000	50.000000	0.008474
1300.000000	50.000000	0.007962
1400.000000	50.000000	0.007556
1500.000000	50.000000	0.007228
1600.000000	50.000000	0.006960
1700.000000	50.000000	0.006738
1800.000000	50.000000	0.006552
1900.000000	50.000000	0.006394
2000.000000	50.000000	0.006260
2100.000000	50.000000	0.006144
2200.000000	50.000000	0.006043
2300.000000	50.000000	0.005956
2400.000000	50.000000	0.005879
2500.000000	50.000000	0.005811
2600.000000	50.000000	0.005751
2700.000000	50.000000	0.005697
2800.000000	50.000000	0.005649
2900.000000	50.000000	0.005606
3000.000000	50.000000	0.005567
3100.000000	50.000000	0.005532
3200.000000	50.000000	0.005500
3300.000000	50.000000	0.005471
3400.000000	50.000000	0.005445
3500.000000	50.000000	0.005420
3600.000000	50.000000	0.005398
3700.000000	50.000000	0.005377
3800.000000	50.000000	0.005359
3900.000000	50.000000	0.005341
4000.000000	50.000000	0.005325
4100.000000	50.000000	0.005310
4200.000000	50.000000	0.005296
4300.000000	50.000000	0.005283
4400.000000	50.000000	0.005271
4500.000000	50.000000	0.005259
4600.000000	50.000000	0.005249
4700.000000	50.000000	0.005239
4800.000000	50.000000	0.005230
4900.000000	50.000000	0.005221
5000.000000	50.000000	0.005213
500.000000	60.000000	0.031659
600.000000	60.000000	0.023340
700.000000	60.000000	0.017993
800.000000	60.000000	0.014618
900.000000	60.000000	0.012329
1000.000000	60.000000	0.010628
1100.000000	60.000000	0.009392
1200.000000	60.000000	0.008463
1300.000000	60.000000	0.007718
1400.000000	60.000000	0.007136
1500.000000	60.000000	0.006671
1600.000000	60.000000	0.006281
1700.000000	60.000000	0.005962
1800.000000	60.000000	0.005697
1900.000000	60.000000	0.005468
2000.000000	60.000000	0.005274
2100.000000	60.000000	0.005109
2200.000000	60.000000	0.004964
2300.000000	60.000000	0.004838
2400.000000	60.000000	0.004728
2500.000000	60.000000	0.004629
2600.000000	60.000000	0.004543
2700.000000	60.000000	0.004466
2800.000000	60.000000	0.004397
2900.000000	60.000000	0.004335
3000.000000	60.000000	0.004279
3100.000000	60.000000	0.004228
3200.000000	60.000000	0.004182
3300.000000	60.000000	0.004141
3400.000000	60.000000	0.004102
3500.000000	60.000000	0.004067
3600.000000	60.000000	0.004035
3700.000000	60.000000	0.004006
3800.000000	60.000000	0.003979
3900.000000	60.000000	0.003953
4000.000000	60.000000	0.003930
4100.000000	60.000000	0.003908
4200.000000	60.000000	0.003888
4300.000000	60.000000	0.003870
4400.000000	60.000000	0.003852
4500.000000	60.000000	0.003836
4600.000000	60.000000	0.003821
4700.000000	60.000000	0.003806
4800.000000	60.000000	0.003793
4900.000000	60.000000	0.003780
5000.000000	60.000000	0.003769
500.000000	70.000000	0.040215
600.000000	70.000000	0.029305
700.000000	70.000000	0.022416
800.000000	70.000000	0.017702
900.000000	70.000000	0.014485
1000.000000	70.000000	0.012303
1100.000000	70.000000	0.010615
1200.000000	70.000000	0.009301
1300.000000	70.000000	0.008323
1400.000000	70.000000	0.007539
1500.000000	70.000000	0.006891
1600.000000	70.000000	0.006362
1700.000000	70.000000	0.005936
1800.000000	70.000000	0.005572
1900.000000	70.000000	0.005258
2000.000000	70.000000	0.004998
2100.000000	70.000000	0.004773
2200.000000	70.000000	0.004575
2300.000000	70.000000	0.004402
2400.000000	70.000000	0.004254
2500.000000	70.000000	0.004121
2600.000000	70.000000	0.004002
2700.000000	70.000000	0.003898
2800.000000	70.000000	0.003804
2900.000000	70.000000	0.003719
3000.000000	70.000000	0.003643
3100.000000	70.000000	0.003575
3200.000000	70.000000	0.003512
3300.000000	70.000000	0.003455
3400.000000	70.000000	0.003403
3500.000000	70.000000	0.003356
3600.000000	70.000000	0.003312
3700.000000	70.000000	0.003271
3800.000000	70.000000	0.003234
3900.000000	70.000000	0.003200
4000.000000	70.000000	0.003168
4100.000000	70.000000	0.003139
4200.000000	70.000000	0.003112
4300.000000	70.000000	0.003086
4400.000000	70.000000	0.003062
4500.000000	70.000000	0.003040
4600.000000	70.000000	0.003020
4700.000000	70.000000	0.003000
4800.000000	70.000000	0.002982
4900.000000	70.000000	0.002965
5000.000000	70.000000	0.002949
500.000000	80.000000	0.052446
600.000000	80.000000	0.037140
700.000000	80.000000	0.027860
800.000000	80.000000	0.021816
900.000000	80.000000	0.017663
1000.000000	80.000000	0.014688
1100.000000	80.000000	0.012484
1200.000000	80.000000	0.010806
1300.000000	80.000000	0.009499
1400.000000	80.000000	0.008462
1500.000000	80.000000	0.007625
1600.000000	80.000000	0.006939
1700.000000	80.000000	0.006371
1800.000000	80.000000	0.005895
1900.000000	80.000000	0.005492
2000.000000	80.000000	0.005147
2100.000000	80.000000	0.004851
2200.000000	80.000000	0.004594
2300.000000	80.000000	0.004370
2400.000000	80.000000	0.004173
2500.000000	80.000000	0.004000
2600.000000	80.000000	0.003846
2700.000000	80.000000	0.003709
2800.000000	80.000000	0.003586
2900.000000	80.000000	0.003476
3000.000000	80.000000	0.003376
3100.000000	80.000000	0.003286
3200.000000	80.000000	0.003205
3300.000000	80.000000	0.003130
3400.000000	80.000000	0.003062
3500.000000	80.000000	0.003000
3600.000000	80.000000	0.002943
3700.000000	80.000000	0.002891
3800.000000	80.000000	0.002842
3900.000000	80.000000	0.002797
4000.000000	80.000000	0.002756
4100.000000	80.000000	0.002718
4200.000000	80.000000	0.002682
4300.000000	80.000000	0.002649
4400.000000	80.000000	0.002618
4500.000000	80.000000	0.002589
4600.000000	80.000000	0.002562
4700.000000	80.000000	0.002536
4800.000000	80.000000	0.002512
4900.000000	80.000000	0.002490
5000.000000	80.000000	0.002469
500.000000	90.000000	0.064448
600.000000	90.000000	0.045104
700.000000	90.000000	0.034226
800.000000	90.000000	0.026154
900.000000	90.000000	0.021405
1000.000000	90.000000	0.017441
1100.000000	90.000000	0.014852
1200.000000	90.000000	0.012683
1300.000000	90.000000	0.011069
1400.000000	90.000000	0.009762
1500.000000	90.000000	0.008694
1600.000000	90.000000	0.007848
1700.000000	90.000000	0.007106
1800.000000	90.000000	0.006528
1900.000000	90.000000	0.006003
2000.000000	90.000000	0.005582
2100.000000	90.000000	0.005202
2200.000000	90.000000	0.004881
2300.000000	90.000000	0.004598
2400.000000	90.000000	0.004347
2500.000000	90.000000	0.004131
2600.000000	90.000000	0.003932
2700.000000	90.000000	0.003762
2800.000000	90.000000	0.003604
2900.000000	90.000000	0.003467
3000.000000	90.000000	0.003340
3100.000000	90.000000	0.003227
3200.000000	90.000000	0.003124
3300.000000	90.000000	0.003029
3400.000000	90.000000	0.002944
3500.000000	90.000000	0.002864
3600.000000	90.000000	0.002794
3700.000000	90.000000	0.002726
3800.000000	90.000000	0.002666
3900.000000	90.000000	0.002609
4000.000000	90.000000	0.002557
4100.000000	90.000000	0.002508
4200.000000	90.000000	0.002463
4300.000000	90.000000	0.002421
4400.000000	90.000000	0.002381
4500.000000	90.000000	0.002345
4600.000000	90.000000	0.002310
4700.000000	90.000000	0.002279
4800.000000	90.000000	0.002248
4900.000000	90.000000	0.002220
5000.000000	90.000000	0.002193
500.000000	100.000000	0.079642
600.000000	100.000000	0.055983
700.000000	100.000000	0.041594
800.000000	100.000000	0.032205
900.000000	100.000000	0.025744
1000.000000	100.000000	0.021111
1100.000000	100.000000	0.017678
1200.000000	100.000000	0.015062
1300.000000	100.000000	0.013025
1400.000000	100.000000	0.011407
1500.000000	100.000000	0.010101
1600.000000	100.000000	0.009031
1700.000000	100.000000	0.008145
1800.000000	100.000000	0.007401
1900.000000	100.000000	0.006772
2000.000000	100.000000	0.006234
2100.000000	100.000000	0.005772
2200.000000	100.000000	0.005371
2300.000000	100.000000	0.005021
2400.000000	100.000000	0.004714
2500.000000	100.000000	0.004442
2600.000000	100.000000	0.004202
2700.000000	100.000000	0.003988
2800.000000	100.000000	0.003796
2900.000000	100.000000	0.003624
3000.000000	100.000000	0.003468
3100.000000	100.000000	0.003328
3200.000000	100.000000	0.003200
3300.000000	100.000000	0.003084
3400.000000	100.000000	0.002978
3500.000000	100.000000	0.002881
3600.000000	100.000000	0.002792
3700.000000	100.000000	0.002710
3800.000000	100.000000	0.002634
3900.000000	100.000000	0.002564
4000.000000	100.000000	0.002500
4100.000000	100.000000	0.002440
4200.000000	100.000000	0.002384
4300.000000	100.000000	0.002332
4400.000000	100.000000	0.002283
4500.000000	100.000000	0.002238
4600.000000	100.000000	0.002196
4700.000000	100.000000	0.002156
4800.000000	100.000000	0.002119
4900.000000	100.000000	0.002084
5000.000000	100.000000	0.002051
500.000000	110.000000	0.094346
600.000000	110.000000	0.066508
700.000000	110.000000	0.047806
800.000000	110.000000	0.038386
900.000000	110.000000	0.030374
1000.000000	110.000000	0.024737
1100.000000	110.000000	0.020894
1200.000000	110.000000	0.017586
1300.000000	110.000000	0.015211
1400.000000	110.000000	0.013311
1500.000000	110.000000	0.011642
1600.000000	110.000000	0.010432
1700.000000	110.000000	0.009362
1800.000000	110.000000	0.008427
1900.000000	110.000000	0.007710
2000.000000	110.000000	0.007051
2100.000000	110.000000	0.006486
2200.000000	110.000000	0.006017
2300.000000	110.000000	0.005583
2400.000000	110.000000	0.005217
2500.000000	110.000000	0.004894
2600.000000	110.000000	0.004593
2700.000000	110.000000	0.004343
2800.000000	110.000000	0.004111
2900.000000	110.000000	0.003897
3000.000000	110.000000	0.003716
3100.000000	110.000000	0.003544
3200.000000	110.000000	0.003389
3300.000000	110.000000	0.003251
3400.000000	110.000000	0.003120
3500.000000	110.000000	0.003004
3600.000000	110.000000	0.002897
3700.000000	110.000000	0.002796
3800.000000	110.000000	0.002706
3900.000000	110.000000	0.002622
4000.000000	110.000000	0.002542
4100.000000	110.000000	0.002471
4200.000000	110.000000	0.002403
4300.000000	110.000000	0.002340
4400.000000	110.000000	0.002282
4500.000000	110.000000	0.002227
4600.000000	110.000000	0.002176
4700.000000	110.000000	0.002128
4800.000000	110.000000	0.002082
4900.000000	110.000000	0.002041
5000.000000	110.000000	0.002001
500.000000	120.000000	0.107321
600.000000	120.000000	0.079259
700.000000	120.000000	0.057243
800.000000	120.000000	0.044427
900.000000	120.000000	0.036052
1000.000000	120.000000	0.029048
1100.000000	120.000000	0.024235
1200.000000	120.000000	0.020729
1300.000000	120.000000	0.017674
1400.000000	120.000000	0.015382
1500.000000	120.000000	0.013600
1600.000000	120.000000	0.012006
1700.000000	120.000000	0.010743
1800.000000	120.000000	0.009718
1900.000000	120.000000	0.008785
2000.000000	120.000000	0.008017
2100.000000	120.000000	0.007374
2200.000000	120.000000	0.006781
2300.000000	120.000000	0.006280
2400.000000	120.000000	0.005851
2500.000000	120.000000	0.005452
2600.000000	120.000000	0.005107
2700.000000	120.000000	0.004807
2800.000000	120.000000	0.004525
2900.000000	120.000000	0.004278
3000.000000	120.000000	0.004060
3100.000000	120.000000	0.003853
3200.000000	120.000000	0.003670
3300.000000	120.000000	0.003506
3400.000000	120.000000	0.003351
3500.000000	120.000000	0.003211
3600.000000	120.000000	0.003086
3700.000000	120.000000	0.002966
3800.000000	120.000000	0.002857
3900.000000	120.000000	0.002758
4000.000000	120.000000	0.002663
4100.000000	120.000000	0.002577
4200.000000	120.000000	0.002498
4300.000000	120.000000	0.002422
4400.000000	120.000000	0.002353
4500.000000	120.000000	0.002288
4600.000000	120.000000	0.002227
4700.000000	120.000000	0.002169
4800.000000	120.000000	0.002117
4900.000000	120.000000	0.002066
5000.000000	120.000000	0.002018
500.000000	130.000000	0.121596
600.000000	130.000000	0.085398
700.000000	130.000000	0.064624
800.000000	130.000000	0.051201
900.000000	130.000000	0.041330
1000.000000	130.000000	0.033960
1100.000000	130.000000	0.028356
1200.000000	130.000000	0.024017
1300.000000	130.000000	0.020600
1400.000000	130.000000	0.017868
1500.000000	130.000000	0.015653
1600.000000	130.000000	0.013834
1700.000000	130.000000	0.012324
1800.000000	130.000000	0.011058
1900.000000	130.000000	0.009986
2000.000000	130.000000	0.009093
2100.000000	130.000000	0.008338
2200.000000	130.000000	0.007677
2300.000000	130.000000	0.007096
2400.000000	130.000000	0.006583
2500.000000	130.000000	0.006128
2600.000000	130.000000	0.005723
2700.000000	130.000000	0.005360
2800.000000	130.000000	0.005035
2900.000000	130.000000	0.004743
3000.000000	130.000000	0.004479
3100.000000	130.000000	0.004239
3200.000000	130.000000	0.004022
3300.000000	130.000000	0.003827
3400.000000	130.000000	0.003651
3500.000000	130.000000	0.003489
3600.000000	130.000000	0.003340
3700.000000	130.000000	0.003202
3800.000000	130.000000	0.003075
3900.000000	130.000000	0.002957
4000.000000	130.000000	0.002847
4100.000000	130.000000	0.002746
4200.000000	130.000000	0.002651
4300.000000	130.000000	0.002563
4400.000000	130.000000	0.002480
4500.000000	130.000000	0.002403
4600.000000	130.000000	0.002332
4700.000000	130.000000	0.002266
4800.000000	130.000000	0.002203
4900.000000	130.000000	0.002145
5000.000000	130.000000	0.002089
500.000000	140.000000	0.144257
600.000000	140.000000	0.105734
700.000000	140.000000	0.079028
800.000000	140.000000	0.060605
900.000000	140.000000	0.047644
1000.000000	140.000000	0.038296
1100.000000	140.000000	0.031964
1200.000000	140.000000	0.027387
1300.000000	140.000000	0.023611
1400.000000	140.000000	0.020498
1500.000000	140.000000	0.017923
1600.000000	140.000000	0.015783
1700.000000	140.000000	0.013993
1800.000000	140.000000	0.012567
1900.000000	140.000000	0.011405
2000.000000	140.000000	0.010384
2100.000000	140.000000	0.009487
2200.000000	140.000000	0.008697
2300.000000	140.000000	0.008000
2400.000000	140.000000	0.007383
2500.000000	140.000000	0.006857
2600.000000	140.000000	0.006404
2700.000000	140.000000	0.005994
2800.000000	140.000000	0.005621
2900.000000	140.000000	0.005282
3000.000000	140.000000	0.004973
3100.000000	140.000000	0.004692
3200.000000	140.000000	0.004443
3300.000000	140.000000	0.004222
3400.000000	140.000000	0.004018
3500.000000	140.000000	0.003829
3600.000000	140.000000	0.003653
3700.000000	140.000000	0.003491
3800.000000	140.000000	0.003340
3900.000000	140.000000	0.003203
4000.000000	140.000000	0.003080
4100.000000	140.000000	0.002964
4200.000000	140.000000	0.002855
4300.000000	140.000000	0.002752
4400.000000	140.000000	0.002657
4500.000000	140.000000	0.002566
4600.000000	140.000000	0.002484
4700.000000	140.000000	0.002408
4800.000000	140.000000	0.002335
4900.000000	140.000000	0.002267
5000.000000	140.000000	0.002203
500.000000	150.000000	0.159964
600.000000	150.000000	0.121839
700.000000	150.000000	0.086736
800.000000	150.000000	0.067482
900.000000	150.000000	0.055287
1000.000000	150.000000	0.044114
1100.000000	150.000000	0.036741
1200.000000	150.000000	0.031508
1300.000000	150.000000	0.026646
1400.000000	150.000000	0.023107
1500.000000	150.000000	0.020415
1600.000000	150.000000	0.017884
1700.000000	150.000000	0.015926
1800.000000	150.000000	0.014366
1900.000000	150.000000	0.012886
2000.000000	150.000000	0.011693
2100.000000	150.000000	0.010711
2200.000000	150.000000	0.009772
2300.000000	150.000000	0.008993
2400.000000	150.000000	0.008335
2500.000000	150.000000	0.007703
2600.000000	150.000000	0.007167
2700.000000	150.000000	0.006705
2800.000000	150.000000	0.006260
2900.000000	150.000000	0.005874
3000.000000	150.000000	0.005538
3100.000000	150.000000	0.005213
3200.000000	150.000000	0.004927
3300.000000	150.000000	0.004674
3400.000000	150.000000	0.004429
3500.000000	150.000000	0.004212
3600.000000	150.000000	0.004017
3700.000000	150.000000	0.003828
3800.000000	150.000000	0.003659
3900.000000	150.000000	0.003506
4000.000000	150.000000	0.003357
4100.000000	150.000000	0.003222
4200.000000	150.000000	0.003100
4300.000000	150.000000	0.002980
4400.000000	150.000000	0.002872
4500.000000	150.000000	0.002772
4600.000000	150.000000	0.002675
4700.000000	150.000000	0.002586
4800.000000	150.000000	0.002504
4900.000000	150.000000	0.002424
5000.000000	150.000000	0.002350
500.000000	160.000000	0.159346
600.000000	160.000000	0.137965
700.000000	160.000000	0.092185
800.000000	160.000000	0.078878
900.000000	160.000000	0.058839
1000.000000	160.000000	0.050977
1100.000000	160.000000	0.040562
1200.000000	160.000000	0.035672
1300.000000	160.000000	0.029606
1400.000000	160.000000	0.026392
1500.000000	160.000000	0.022562
1600.000000	160.000000	0.020348
1700.000000	160.000000	0.017780
1800.000000	160.000000	0.016195
1900.000000	160.000000	0.014391
2000.000000	160.000000	0.013219
2100.000000	160.000000	0.011905
2200.000000	160.000000	0.011015
2300.000000	160.000000	0.010029
2400.000000	160.000000	0.009337
2500.000000	160.000000	0.008578
2600.000000	160.000000	0.008031
2700.000000	160.000000	0.007434
2800.000000	160.000000	0.006993
2900.000000	160.000000	0.006516
3000.000000	160.000000	0.006156
3100.000000	160.000000	0.005769
3200.000000	160.000000	0.005471
3300.000000	160.000000	0.005152
3400.000000	160.000000	0.004902
3500.000000	160.000000	0.004637
3600.000000	160.000000	0.004426
3700.000000	160.000000	0.004203
3800.000000	160.000000	0.004023
3900.000000	160.000000	0.003833
4000.000000	160.000000	0.003679
4100.000000	160.000000	0.003516
4200.000000	160.000000	0.003382
4300.000000	160.000000	0.003242
4400.000000	160.000000	0.003126
4500.000000	160.000000	0.003003
4600.000000	160.000000	0.002901
4700.000000	160.000000	0.002795
4800.000000	160.000000	0.002705
4900.000000	160.000000	0.002611
5000.000000	160.000000	0.002531
500.000000	170.000000	0.208908
600.000000	170.000000	0.153668
700.000000	170.000000	0.103660
800.000000	170.000000	0.087747
900.000000	170.000000	0.069871
1000.000000	170.000000	0.054503
1100.000000	170.000000	0.047449
1200.000000	170.000000	0.039761
1300.000000	170.000000	0.033510
1400.000000	170.000000	0.029641
1500.000000	170.000000	0.025683
1600.000000	170.000000	0.022588
1700.000000	170.000000	0.020292
1800.000000	170.000000	0.017998
1900.000000	170.000000	0.016257
2000.000000	170.000000	0.014796
2100.000000	170.000000	0.013352
2200.000000	170.000000	0.012281
2300.000000	170.000000	0.011298
2400.000000	170.000000	0.010331
2500.000000	170.000000	0.009627
2600.000000	170.000000	0.008936
2700.000000	170.000000	0.008272
2800.000000	170.000000	0.007771
2900.000000	170.000000	0.007267
3000.000000	170.000000	0.006802
3100.000000	170.000000	0.006424
3200.000000	170.000000	0.006045
3300.000000	170.000000	0.005707
3400.000000	170.000000	0.005415
3500.000000	170.000000	0.005123
3600.000000	170.000000	0.004870
3700.000000	170.000000	0.004640
3800.000000	170.000000	0.004411
3900.000000	170.000000	0.004217
4000.000000	170.000000	0.004033
4100.000000	170.000000	0.003850
4200.000000	170.000000	0.003698
4300.000000	170.000000	0.003548
4400.000000	170.000000	0.003401
4500.000000	170.000000	0.003278
4600.000000	170.000000	0.003155
4700.000000	170.000000	0.003037
4800.000000	170.000000	0.002934
4900.000000	170.000000	0.002831
5000.000000	170.000000	0.002736
500.000000	180.000000	0.241663
600.000000	180.000000	0.159793
700.000000	180.000000	0.115775
800.000000	180.000000	0.097197
900.000000	180.000000	0.078775
1000.000000	180.000000	0.063288
1100.000000	180.000000	0.050980
1200.000000	180.000000	0.043943
1300.000000	180.000000	0.038233
1400.000000	180.000000	0.033066
1500.000000	180.000000	0.028564
1600.000000	180.000000	0.024993
1700.000000	180.000000	0.022540
1800.000000	180.000000	0.020245
1900.000000	180.000000	0.018155
2000.000000	180.000000	0.016281
2100.000000	180.000000	0.014899
2200.000000	180.000000	0.013691
2300.000000	180.000000	0.012563
2400.000000	180.000000	0.011523
2500.000000	180.000000	0.010619
2600.000000	180.000000	0.009909
2700.000000	180.000000	0.009234
2800.000000	180.000000	0.008601
2900.000000	180.000000	0.008012
3000.000000	180.000000	0.007533
3100.000000	180.000000	0.007099
3200.000000	180.000000	0.006687
3300.000000	180.000000	0.006298
3400.000000	180.000000	0.005946
3500.000000	180.000000	0.005651
3600.000000	180.000000	0.005368
3700.000000	180.000000	0.005098
3800.000000	180.000000	0.004842
3900.000000	180.000000	0.004624
4000.000000	180.000000	0.004422
4100.000000	180.000000	0.004227
4200.000000	180.000000	0.004042
4300.000000	180.000000	0.003870
4400.000000	180.000000	0.003720
4500.000000	180.000000	0.003576
4600.000000	180.000000	0.003437
4700.000000	180.000000	0.003304
4800.000000	180.000000	0.003187
4900.000000	180.000000	0.003077
5000.000000	180.000000	0.002970
500.000000	190.000000	0.208655
600.000000	190.000000	0.172137
700.000000	190.000000	0.136985
800.000000	190.000000	0.108881
900.000000	190.000000	0.087427
1000.000000	190.000000	0.071158
1100.000000	190.000000	0.058730
1200.000000	190.000000	0.049120
1300.000000	190.000000	0.041587
1400.000000	190.000000	0.035601
1500.000000	190.000000	0.031409
1600.000000	190.000000	0.027987
1700.000000	190.000000	0.025016
1800.000000	190.000000	0.022440
1900.000000	190.000000	0.020205
2000.000000	190.000000	0.018263
2100.000000	190.000000	0.016569
2200.000000	190.000000	0.015088
2300.000000	190.000000	0.013787
2400.000000	190.000000	0.012674
2500.000000	190.000000	0.011767
2600.000000	190.000000	0.010942
2700.000000	190.000000	0.010193
2800.000000	190.000000	0.009512
2900.000000	190.000000	0.008892
3000.000000	190.000000	0.008327
3100.000000	190.000000	0.007812
3200.000000	190.000000	0.007341
3300.000000	190.000000	0.006910
3400.000000	190.000000	0.006540
3500.000000	190.000000	0.006204
3600.000000	190.000000	0.005891
3700.000000	190.000000	0.005600
3800.000000	190.000000	0.005328
3900.000000	190.000000	0.005075
4000.000000	190.000000	0.004840
4100.000000	190.000000	0.004619
4200.000000	190.000000	0.004414
4300.000000	190.000000	0.004225
4400.000000	190.000000	0.004056
4500.000000	190.000000	0.003897
4600.000000	190.000000	0.003746
4700.000000	190.000000	0.003604
4800.000000	190.000000	0.003470
4900.000000	190.000000	0.003343
5000.000000	190.000000	0.003223
500.000000	200.000000	0.297993
600.000000	200.000000	0.211435
700.000000	200.000000	0.157410
800.000000	200.000000	0.121596
900.000000	200.000000	0.096692
1000.000000	200.000000	0.078702
1100.000000	200.000000	0.065295
1200.000000	200.000000	0.055043
1300.000000	200.000000	0.047032
1400.000000	200.000000	0.040654
1500.000000	200.000000	0.035495
1600.000000	200.000000	0.031265
1700.000000	200.000000	0.027752
1800.000000	200.000000	0.024804
1900.000000	200.000000	0.022306
2000.000000	200.000000	0.020172
2100.000000	200.000000	0.018333
2200.000000	200.000000	0.016738
2300.000000	200.000000	0.015345
2400.000000	200.000000	0.014122
2500.000000	200.000000	0.013043
2600.000000	200.000000	0.012085
2700.000000	200.000000	0.011231
2800.000000	200.000000	0.010467
2900.000000	200.000000	0.009780
3000.000000	200.000000	0.009161
3100.000000	200.000000	0.008600
3200.000000	200.000000	0.008091
3300.000000	200.000000	0.007628
3400.000000	200.000000	0.007205
3500.000000	200.000000	0.006817
3600.000000	200.000000	0.006461
3700.000000	200.000000	0.006134
3800.000000	200.000000	0.005832
3900.000000	200.000000	0.005553
4000.000000	200.000000	0.005294
4100.000000	200.000000	0.005055
4200.000000	200.000000	0.004832
4300.000000	200.000000	0.004624
4400.000000	200.000000	0.004431
4500.000000	200.000000	0.004250
4600.000000	200.000000	0.004081
4700.000000	200.000000	0.003922
4800.000000	200.000000	0.003774
4900.000000	200.000000	0.003634
5000.000000	200.000000	0.003503
500.000000	210.000000	0.236197
600.000000	210.000000	0.193752
700.000000	210.000000	0.159691
800.000000	210.000000	0.129565
900.000000	210.000000	0.105378
1000.000000	210.000000	0.086484
1100.000000	210.000000	0.071773
1200.000000	210.000000	0.060250
1300.000000	210.000000	0.051133
1400.000000	210.000000	0.043841
1500.000000	210.000000	0.037941
1600.000000	210.000000	0.033334
1700.000000	210.000000	0.029986
1800.000000	210.000000	0.027032
1900.000000	210.000000	0.024434
2000.000000	210.000000	0.022150
2100.000000	210.000000	0.020142
2200.000000	210.000000	0.018373
2300.000000	210.000000	0.016811
2400.000000	210.000000	0.015428
2500.000000	210.000000	0.014200
2600.000000	210.000000	0.013106
2700.000000	210.000000	0.012212
2800.000000	210.000000	0.011420
2900.000000	210.000000	0.010695
3000.000000	210.000000	0.010029
3100.000000	210.000000	0.009418
3200.000000	210.000000	0.008857
3300.000000	210.000000	0.008342
3400.000000	210.000000	0.007868
3500.000000	210.000000	0.007431
3600.000000	210.000000	0.007028
3700.000000	210.000000	0.006663
3800.000000	210.000000	0.006346
3900.000000	210.000000	0.006049
4000.000000	210.000000	0.005771
4100.000000	210.000000	0.005510
4200.000000	210.000000	0.005265
4300.000000	210.000000	0.005036
4400.000000	210.000000	0.004820
4500.000000	210.000000	0.004618
4600.000000	210.000000	0.004427
4700.000000	210.000000	0.004248
4800.000000	210.000000	0.004088
4900.000000	210.000000	0.003939
5000.000000	210.000000	0.003797
500.000000	220.000000	0.350825
600.000000	220.000000	0.250990
700.000000	220.000000	0.178308
800.000000	220.000000	0.128998
900.000000	220.000000	0.109265
1000.000000	220.000000	0.093569
1100.000000	220.000000	0.078648
1200.000000	220.000000	0.065731
1300.000000	220.000000	0.054984
1400.000000	220.000000	0.047029
1500.000000	220.000000	0.042220
1600.000000	220.000000	0.037609
1700.000000	220.000000	0.033381
1800.000000	220.000000	0.029597
1900.000000	220.000000	0.026260
2000.000000	220.000000	0.023960
2100.000000	220.000000	0.021981
2200.000000	220.000000	0.020117
2300.000000	220.000000	0.018391
2400.000000	220.000000	0.016809
2500.000000	220.000000	0.015457
2600.000000	220.000000	0.014434
2700.000000	220.000000	0.013457
2800.000000	220.000000	0.012534
2900.000000	220.000000	0.011670
3000.000000	220.000000	0.010865
3100.000000	220.000000	0.010229
3200.000000	220.000000	0.009655
3300.000000	220.000000	0.009107
3400.000000	220.000000	0.008586
3500.000000	220.000000	0.008093
3600.000000	220.000000	0.007650
3700.000000	220.000000	0.007285
3800.000000	220.000000	0.006933
3900.000000	220.000000	0.006596
4000.000000	220.000000	0.006274
4100.000000	220.000000	0.005967
4200.000000	220.000000	0.005709
4300.000000	220.000000	0.005471
4400.000000	220.000000	0.005240
4500.000000	220.000000	0.005018
4600.000000	220.000000	0.004806
4700.000000	220.000000	0.004609
4800.000000	220.000000	0.004440
4900.000000	220.000000	0.004276
5000.000000	220.000000	0.004117
500.000000	230.000000	0.330531
600.000000	230.000000	0.220343
700.000000	230.000000	0.200454
800.000000	230.000000	0.158454
900.000000	230.000000	0.119099
1000.000000	230.000000	0.096867
1100.000000	230.000000	0.085271
1200.000000	230.000000	0.071976
1300.000000	230.000000	0.059501
1400.000000	230.000000	0.052064
1500.000000	230.000000	0.046582
1600.000000	230.000000	0.040876
1700.000000	230.000000	0.035464
1800.000000	230.000000	0.032181
1900.000000	230.000000	0.029270
2000.000000	230.000000	0.026331
2100.000000	230.000000	0.023520
2200.000000	230.000000	0.021804
2300.000000	230.000000	0.020095
2400.000000	230.000000	0.018390
2500.000000	230.000000	0.016798
2600.000000	230.000000	0.015746
2700.000000	230.000000	0.014663
2800.000000	230.000000	0.013589
2900.000000	230.000000	0.012630
3000.000000	230.000000	0.011914
3100.000000	230.000000	0.011186
3200.000000	230.000000	0.010466
3300.000000	230.000000	0.009848
3400.000000	230.000000	0.009340
3500.000000	230.000000	0.008829
3600.000000	230.000000	0.008323
3700.000000	230.000000	0.007903
3800.000000	230.000000	0.007531
3900.000000	230.000000	0.007158
4000.000000	230.000000	0.006789
4100.000000	230.000000	0.006491
4200.000000	230.000000	0.006210
4300.000000	230.000000	0.005930
4400.000000	230.000000	0.005653
4500.000000	230.000000	0.005434
4600.000000	230.000000	0.005218
4700.000000	230.000000	0.005002
4800.000000	230.000000	0.004793
4900.000000	230.000000	0.004624
5000.000000	230.000000	0.004454
500.000000	240.000000	0.340382
600.000000	240.000000	0.297897
700.000000	240.000000	0.201076
800.000000	240.000000	0.159624
900.000000	240.000000	0.137693
1000.000000	240.000000	0.106668
1100.000000	240.000000	0.089360
1200.000000	240.000000	0.078606
1300.000000	240.000000	0.065192
1400.000000	240.000000	0.056591
1500.000000	240.000000	0.050705
1600.000000	240.000000	0.043774
1700.000000	240.000000	0.038932
1800.000000	240.000000	0.035400
1900.000000	240.000000	0.031375
2000.000000	240.000000	0.028395
2100.000000	240.000000	0.026120
2200.000000	240.000000	0.023582
2300.000000	240.000000	0.021624
2400.000000	240.000000	0.020076
2500.000000	240.000000	0.018376
2600.000000	240.000000	0.017022
2700.000000	240.000000	0.015923
2800.000000	240.000000	0.014729
2900.000000	240.000000	0.013755
3000.000000	240.000000	0.012947
3100.000000	240.000000	0.012078
3200.000000	240.000000	0.011354
3300.000000	240.000000	0.010743
3400.000000	240.000000	0.010091
3500.000000	240.000000	0.009538
3600.000000	240.000000	0.009065
3700.000000	240.000000	0.008563
3800.000000	240.000000	0.008132
3900.000000	240.000000	0.007759
4000.000000	240.000000	0.007364
4100.000000	240.000000	0.007021
4200.000000	240.000000	0.006721
4300.000000	240.000000	0.006406
4400.000000	240.000000	0.006129
4500.000000	240.000000	0.005884
4600.000000	240.000000	0.005628
4700.000000	240.000000	0.005401
4800.000000	240.000000	0.005199
4900.000000	240.000000	0.004987
5000.000000	240.000000	0.004799
500.000000	250.000000	0.446430
600.000000	250.000000	0.257648
700.000000	250.000000	0.231433
800.000000	250.000000	0.181188
900.000000	250.000000	0.135019
1000.000000	250.000000	0.121483
1100.000000	250.000000	0.094477
1200.000000	250.000000	0.083968
1300.000000	250.000000	0.071923
1400.000000	250.000000	0.060409
1500.000000	250.000000	0.054930
1600.000000	250.000000	0.046893
1700.000000	250.000000	0.042633
1800.000000	250.000000	0.038116
1900.000000	250.000000	0.033719
2000.000000	250.000000	0.031152
2100.000000	250.000000	0.027788
2200.000000	250.000000	0.025705
2300.000000	250.000000	0.023555
2400.000000	250.000000	0.021443
2500.000000	250.000000	0.020059
2600.000000	250.000000	0.018351
2700.000000	250.000000	0.017190
2800.000000	250.000000	0.016005
2900.000000	250.000000	0.014835
3000.000000	250.000000	0.014010
3100.000000	250.000000	0.013028
3200.000000	250.000000	0.012318
3300.000000	250.000000	0.011598
3400.000000	250.000000	0.010885
3500.000000	250.000000	0.010354
3600.000000	250.000000	0.009740
3700.000000	250.000000	0.009275
3800.000000	250.000000	0.008805
3900.000000	250.000000	0.008339
4000.000000	250.000000	0.007979
4100.000000	250.000000	0.007569
4200.000000	250.000000	0.007249
4300.000000	250.000000	0.006925
4400.000000	250.000000	0.006604
4500.000000	250.000000	0.006348
4600.000000	250.000000	0.006062
4700.000000	250.000000	0.005832
4800.000000	250.000000	0.005600
4900.000000	250.000000	0.005370
5000.000000	250.000000	0.005182
500.000000	260.000000	0.392792
600.000000	260.000000	0.319560
700.000000	260.000000	0.244831
800.000000	260.000000	0.186059
900.000000	260.000000	0.158190
1000.000000	260.000000	0.121040
1100.000000	260.000000	0.108628
1200.000000	260.000000	0.084842
1300.000000	260.000000	0.078574
1400.000000	260.000000	0.064068
1500.000000	260.000000	0.059239
1600.000000	260.000000	0.050645
1700.000000	260.000000	0.046158
1800.000000	260.000000	0.040774
1900.000000	260.000000	0.036935
2000.000000	260.000000	0.033404
2100.000000	260.000000	0.030204
2200.000000	260.000000	0.027800
2300.000000	260.000000	0.025150
2400.000000	260.000000	0.023460
2500.000000	260.000000	0.021264
2600.000000	260.000000	0.020044
2700.000000	260.000000	0.018317
2800.000000	260.000000	0.017311
2900.000000	260.000000	0.016010
3000.000000	260.000000	0.015096
3100.000000	260.000000	0.014098
3200.000000	260.000000	0.013278
3300.000000	260.000000	0.012501
3400.000000	260.000000	0.011768
3500.000000	260.000000	0.011154
3600.000000	260.000000	0.010502
3700.000000	260.000000	0.010011
3800.000000	260.000000	0.009430
3900.000000	260.000000	0.009033
4000.000000	260.000000	0.008537
4100.000000	260.000000	0.008191
4200.000000	260.000000	0.007782
4300.000000	260.000000	0.007461
4400.000000	260.000000	0.007121
4500.000000	260.000000	0.006825
4600.000000	260.000000	0.006540
4700.000000	260.000000	0.006267
4800.000000	260.000000	0.006027
4900.000000	260.000000	0.005776
5000.000000	260.000000	0.005572
500.000000	270.000000	0.349204
600.000000	270.000000	0.362880
700.000000	270.000000	0.236753
800.000000	270.000000	0.212156
900.000000	270.000000	0.159578
1000.000000	270.000000	0.138244
1100.000000	270.000000	0.112384
1200.000000	270.000000	0.096982
1300.000000	270.000000	0.082666
1400.000000	270.000000	0.071714
1500.000000	270.000000	0.063073
1600.000000	270.000000	0.055154
1700.000000	270.000000	0.049586
1800.000000	270.000000	0.043728
1900.000000	270.000000	0.039952
2000.000000	270.000000	0.035519
2100.000000	270.000000	0.032851
2200.000000	270.000000	0.029425
2300.000000	270.000000	0.027476
2400.000000	270.000000	0.024778
2500.000000	270.000000	0.023314
2600.000000	270.000000	0.021155
2700.000000	270.000000	0.020030
2800.000000	270.000000	0.018327
2900.000000	270.000000	0.017394
3000.000000	270.000000	0.016066
3100.000000	270.000000	0.015247
3200.000000	270.000000	0.014194
3300.000000	270.000000	0.013476
3400.000000	270.000000	0.012629
3500.000000	270.000000	0.011998
3600.000000	270.000000	0.011308
3700.000000	270.000000	0.010753
3800.000000	270.000000	0.010184
3900.000000	270.000000	0.009694
4000.000000	270.000000	0.009219
4100.000000	270.000000	0.008785
4200.000000	270.000000	0.008387
4300.000000	270.000000	0.008001
4400.000000	270.000000	0.007662
4500.000000	270.000000	0.007318
4600.000000	270.000000	0.007029
4700.000000	270.000000	0.006721
4800.000000	270.000000	0.006472
4900.000000	270.000000	0.006196
5000.000000	270.000000	0.005980
500.000000	280.000000	0.516430
600.000000	280.000000	0.287215
700.000000	280.000000	0.297839
800.000000	280.000000	0.193628
900.000000	280.000000	0.182362
1000.000000	280.000000	0.143778
1100.000000	280.000000	0.120604
1200.000000	280.000000	0.105254
1300.000000	280.000000	0.084845
1400.000000	280.000000	0.078548
1500.000000	280.000000	0.065184
1600.000000	280.000000	0.060125
1700.000000	280.000000	0.052689
1800.000000	280.000000	0.047165
1900.000000	280.000000	0.042913
2000.000000	280.000000	0.037817
2100.000000	280.000000	0.035342
2200.000000	280.000000	0.031484
2300.000000	280.000000	0.029457
2400.000000	280.000000	0.026907
2500.000000	280.000000	0.024839
2600.000000	280.000000	0.023131
2700.000000	280.000000	0.021174
2800.000000	280.000000	0.020018
2900.000000	280.000000	0.018426
3000.000000	280.000000	0.017444
3100.000000	280.000000	0.016288
3200.000000	280.000000	0.015304
3300.000000	280.000000	0.014457
3400.000000	280.000000	0.013513
3500.000000	280.000000	0.012889
3600.000000	280.000000	0.012087
3700.000000	280.000000	0.011543
3800.000000	280.000000	0.010925
3900.000000	280.000000	0.010383
4000.000000	280.000000	0.009905
4100.000000	280.000000	0.009380
4200.000000	280.000000	0.009007
4300.000000	280.000000	0.008549
4400.000000	280.000000	0.008218
4500.000000	280.000000	0.007850
4600.000000	280.000000	0.007520
4700.000000	280.000000	0.007224
4800.000000	280.000000	0.006903
4900.000000	280.000000	0.006664
5000.000000	280.000000	0.006378
500.000000	290.000000	0.558243
600.000000	290.000000	0.366688
700.000000	290.000000	0.270636
800.000000	290.000000	0.247364
900.000000	290.000000	0.171854
1000.000000	290.000000	0.157296
1100.000000	290.000000	0.132435
1200.000000	290.000000	0.103499
1300.000000	290.000000	0.097073
1400.000000	290.000000	0.081411
1500.000000	290.000000	0.071410
1600.000000	290.000000	0.064651
1700.000000	290.000000	0.054831
1800.000000	290.000000	0.051019
1900.000000	290.000000	0.045776
2000.000000	290.000000	0.040519
2100.000000	290.000000	0.037861
2200.000000	290.000000	0.033979
2300.000000	290.000000	0.031334
2400.000000	290.000000	0.029048
2500.000000	290.000000	0.026168
2600.000000	290.000000	0.024781
2700.000000	290.000000	0.022920
2800.000000	290.000000	0.021183
2900.000000	290.000000	0.020007
3000.000000	290.000000	0.018512
3100.000000	290.000000	0.017466
3200.000000	290.000000	0.016451
3300.000000	290.000000	0.015281
3400.000000	290.000000	0.014604
3500.000000	290.000000	0.013744
3600.000000	290.000000	0.012976
3700.000000	290.000000	0.012368
3800.000000	290.000000	0.011644
3900.000000	290.000000	0.011130
4000.000000	290.000000	0.010596
4100.000000	290.000000	0.010026
4200.000000	290.000000	0.009637
4300.000000	290.000000	0.009172
4400.000000	290.000000	0.008768
4500.000000	290.000000	0.008416
4600.000000	290.000000	0.008012
4700.000000	290.000000	0.007723
4800.000000	290.000000	0.007409
4900.000000	290.000000	0.007091
5000.000000	290.000000	0.006849
500.000000	300.000000	0.448823
600.000000	300.000000	0.446368
700.000000	300.000000	0.288223
800.000000	300.000000	0.233335
900.000000	300.000000	0.211261
1000.000000	300.000000	0.159546
1100.000000	300.000000	0.134603
1200.000000	300.000000	0.121421
1300.000000	300.000000	0.099123
1400.000000	300.000000	0.086318
1500.000000	300.000000	0.078528
1600.000000	300.000000	0.067065
1700.000000	300.000000	0.059739
1800.000000	300.000000	0.054869
1900.000000	300.000000	0.048246
2000.000000	300.000000	0.043696
2100.000000	300.000000	0.040480
2200.000000	300.000000	0.036323
2300.000000	300.000000	0.033315
2400.000000	300.000000	0.031090
2500.000000	300.000000	0.028317
2600.000000	300.000000	0.026229
2700.000000	300.000000	0.024630
2800.000000	300.000000	0.022690
2900.000000	300.000000	0.021183
3000.000000	300.000000	0.019997
3100.000000	300.000000	0.018588
3200.000000	300.000000	0.017466
3300.000000	300.000000	0.016564
3400.000000	300.000000	0.015508
3500.000000	300.000000	0.014651
3600.000000	300.000000	0.013948
3700.000000	300.000000	0.013138
3800.000000	300.000000	0.012468
3900.000000	300.000000	0.011911
4000.000000	300.000000	0.011275
4100.000000	300.000000	0.010743
4200.000000	300.000000	0.010293
4300.000000	300.000000	0.009785
4400.000000	300.000000	0.009355
4500.000000	300.000000	0.008987
4600.000000	300.000000	0.008575
4700.000000	300.000000	0.008222
4800.000000	300.000000	0.007917
4900.000000	300.000000	0.007579
5000.000000	300.000000	0.007286
500.000000	310.000000	0.346746
600.000000	310.000000	0.412826
700.000000	310.000000	0.358677
800.000000	310.000000	0.248179
900.000000	310.000000	0.195181
1000.000000	310.000000	0.182622
1100.000000	310.000000	0.149570
1200.000000	310.000000	0.114149
1300.000000	310.000000	0.108234
1400.000000	310.000000	0.095682
1500.000000	310.000000	0.080223
1600.000000	310.000000	0.071051
1700.000000	310.000000	0.065418
1800.000000	310.000000	0.057822
1900.000000	310.000000	0.050051
2000.000000	310.000000	0.047206
2100.000000	310.000000	0.043109
2200.000000	310.000000	0.038465
2300.000000	310.000000	0.035537
2400.000000	310.000000	0.033159
2500.000000	310.000000	0.030344
2600.000000	310.000000	0.027662
2700.000000	310.000000	0.026200
2800.000000	310.000000	0.024408
2900.000000	310.000000	0.022446
3000.000000	310.000000	0.021176
3100.000000	310.000000	0.019989
3200.000000	310.000000	0.018654
3300.000000	310.000000	0.017447
3400.000000	310.000000	0.016633
3500.000000	310.000000	0.015698
3600.000000	310.000000	0.014695
3700.000000	310.000000	0.014037
3800.000000	310.000000	0.013365
3900.000000	310.000000	0.012632
4000.000000	310.000000	0.011993
4100.000000	310.000000	0.011500
4200.000000	310.000000	0.010953
4300.000000	310.000000	0.010373
4400.000000	310.000000	0.009990
4500.000000	310.000000	0.009575
4600.000000	310.000000	0.009130
4700.000000	310.000000	0.008753
4800.000000	310.000000	0.008434
4900.000000	310.000000	0.008087
5000.000000	310.000000	0.007730
500.000000	320.000000	0.555404
600.000000	320.000000	0.280553
700.000000	320.000000	0.344009
800.000000	320.000000	0.297802
900.000000	320.000000	0.224398
1000.000000	320.000000	0.158979
1100.000000	320.000000	0.156115
1200.000000	320.000000	0.137598
1300.000000	320.000000	0.114318
1400.000000	320.000000	0.091817
1500.000000	320.000000	0.087107
1600.000000	320.000000	0.078511
1700.000000	320.000000	0.068484
1800.000000	320.000000	0.058472
1900.000000	320.000000	0.055213
2000.000000	320.000000	0.050610
2100.000000	320.000000	0.045437
2200.000000	320.000000	0.040195
2300.000000	320.000000	0.038036
2400.000000	320.000000	0.035305
2500.000000	320.000000	0.032302
2600.000000	320.000000	0.029238
2700.000000	320.000000	0.027772
2800.000000	320.000000	0.026024
2900.000000	320.000000	0.024132
3000.000000	320.000000	0.022194
3100.000000	320.000000	0.021164
3200.000000	320.000000	0.019981
3300.000000	320.000000	0.018713
3400.000000	320.000000	0.017413
3500.000000	320.000000	0.016665
3600.000000	320.000000	0.015827
3700.000000	320.000000	0.014937
3800.000000	320.000000	0.014024
3900.000000	320.000000	0.013466
4000.000000	320.000000	0.012852
4100.000000	320.000000	0.012203
4200.000000	320.000000	0.011538
4300.000000	320.000000	0.011111
4400.000000	320.000000	0.010648
4500.000000	320.000000	0.010161
4600.000000	320.000000	0.009662
4700.000000	320.000000	0.009328
4800.000000	320.000000	0.008970
4900.000000	320.000000	0.008595
5000.000000	320.000000	0.008211
500.000000	330.000000	0.688780
600.000000	330.000000	0.443609
700.000000	330.000000	0.263577
800.000000	330.000000	0.278946
900.000000	330.000000	0.250847
1000.000000	330.000000	0.204655
1100.000000	330.000000	0.159522
1200.000000	330.000000	0.128854
1300.000000	330.000000	0.121360
1400.000000	330.000000	0.108216
1500.000000	330.000000	0.093425
1600.000000	330.000000	0.079110
1700.000000	330.000000	0.070662
1800.000000	330.000000	0.065588
1900.000000	330.000000	0.059475
2000.000000	330.000000	0.053089
2100.000000	330.000000	0.046885
2200.000000	330.000000	0.043672
2300.000000	330.000000	0.040706
2400.000000	330.000000	0.037465
2500.000000	330.000000	0.034165
2600.000000	330.000000	0.031066
2700.000000	330.000000	0.029454
2800.000000	330.000000	0.027640
2900.000000	330.000000	0.025735
3000.000000	330.000000	0.023816
3100.000000	330.000000	0.022241
3200.000000	330.000000	0.021147
3300.000000	330.000000	0.019973
3400.000000	330.000000	0.018764
3500.000000	330.000000	0.017553
3600.000000	330.000000	0.016666
3700.000000	330.000000	0.015903
3800.000000	330.000000	0.015104
3900.000000	330.000000	0.014291
4000.000000	330.000000	0.013478
4100.000000	330.000000	0.012939
4200.000000	330.000000	0.012390
4300.000000	330.000000	0.011824
4400.000000	330.000000	0.011251
4500.000000	330.000000	0.010722
4600.000000	330.000000	0.010332
4700.000000	330.000000	0.009927
4800.000000	330.000000	0.009511
4900.000000	330.000000	0.009093
5000.000000	330.000000	0.008740
500.000000	340.000000	0.694986
600.000000	340.000000	0.547353
700.000000	340.000000	0.383784
800.000000	340.000000	0.261045
900.000000	340.000000	0.220651
1000.000000	340.000000	0.208583
1100.000000	340.000000	0.182388
1200.000000	340.000000	0.153343
1300.000000	340.000000	0.126430
1400.000000	340.000000	0.103335
1500.000000	340.000000	0.095312
1600.000000	340.000000	0.087422
1700.000000	340.000000	0.078497
1800.000000	340.000000	0.069546
1900.000000	340.000000	0.061110
2000.000000	340.000000	0.054178
2100.000000	340.000000	0.050865
2200.000000	340.000000	0.047124
2300.000000	340.000000	0.043251
2400.000000	340.000000	0.039435
2500.000000	340.000000	0.035794
2600.000000	340.000000	0.033185
2700.000000	340.000000	0.031297
2800.000000	340.000000	0.029316
2900.000000	340.000000	0.027318
3000.000000	340.000000	0.025358
3100.000000	340.000000	0.023471
3200.000000	340.000000	0.022263
3300.000000	340.000000	0.021127
3400.000000	340.000000	0.019967
3500.000000	340.000000	0.018809
3600.000000	340.000000	0.017673
3700.000000	340.000000	0.016639
3800.000000	340.000000	0.015932
3900.000000	340.000000	0.015205
4000.000000	340.000000	0.014471
4100.000000	340.000000	0.013742
4200.000000	340.000000	0.013027
4300.000000	340.000000	0.012439
4400.000000	340.000000	0.011956
4500.000000	340.000000	0.011465
4600.000000	340.000000	0.010972
4700.000000	340.000000	0.010485
4800.000000	340.000000	0.010006
4900.000000	340.000000	0.009646
5000.000000	340.000000	0.009302
500.000000	350.000000	0.572639
600.000000	350.000000	0.549830
700.000000	350.000000	0.446331
800.000000	350.000000	0.340925
900.000000	350.000000	0.256458
1000.000000	350.000000	0.193570
1100.000000	350.000000	0.166586
1200.000000	350.000000	0.154826
1300.000000	350.000000	0.138526
1400.000000	350.000000	0.121384
1500.000000	350.000000	0.105196
1600.000000	350.000000	0.090697
1700.000000	350.000000	0.078073
1800.000000	350.000000	0.070261
1900.000000	350.000000	0.065325
2000.000000	350.000000	0.060068
2100.000000	350.000000	0.054832
2200.000000	350.000000	0.049819
2300.000000	350.000000	0.045137
2400.000000	350.000000	0.040833
2500.000000	350.000000	0.037759
2600.000000	350.000000	0.035538
2700.000000	350.000000	0.033281
2800.000000	350.000000	0.031054
2900.000000	350.000000	0.028901
3000.000000	350.000000	0.026850
3100.000000	350.000000	0.024916
3200.000000	350.000000	0.023424
3300.000000	350.000000	0.022265
3400.000000	350.000000	0.021104
3500.000000	350.000000	0.019960
3600.000000	350.000000	0.018848
3700.000000	350.000000	0.017776
3800.000000	350.000000	0.016751
3900.000000	350.000000	0.015921
4000.000000	350.000000	0.015246
4100.000000	350.000000	0.014574
4200.000000	350.000000	0.013911
4300.000000	350.000000	0.013264
4400.000000	350.000000	0.012636
4500.000000	350.000000	0.012030
4600.000000	350.000000	0.011523
4700.000000	350.000000	0.011097
4800.000000	350.000000	0.010673
4900.000000	350.000000	0.010256
5000.000000	350.000000	0.009847
500.000000	360.000000	0.369196
600.000000	360.000000	0.448780
700.000000	360.000000	0.424642
800.000000	360.000000	0.362805
900.000000	360.000000	0.297776
1000.000000	360.000000	0.241373
1100.000000	360.000000	0.195657
1200.000000	360.000000	0.159503
1300.000000	360.000000	0.131095
1400.000000	360.000000	0.115485
1500.000000	360.000000	0.106547
1600.000000	360.000000	0.096907
1700.000000	360.000000	0.087408
1800.000000	360.000000	0.078485
1900.000000	360.000000	0.070330
2000.000000	360.000000	0.062998
2100.000000	360.000000	0.056470
2200.000000	360.000000	0.050690
2300.000000	360.000000	0.046600
2400.000000	360.000000	0.043653
2500.000000	360.000000	0.040746
2600.000000	360.000000	0.037942
2700.000000	360.000000	0.035279
2800.000000	360.000000	0.032776
2900.000000	360.000000	0.030441
3000.000000	360.000000	0.028274
3100.000000	360.000000	0.026272
3200.000000	360.000000	0.024703
3300.000000	360.000000	0.023461
3400.000000	360.000000	0.022250
3500.000000	360.000000	0.021079
3600.000000	360.000000	0.019955
3700.000000	360.000000	0.018883
3800.000000	360.000000	0.017865
3900.000000	360.000000	0.016901
4000.000000	360.000000	0.015991
4100.000000	360.000000	0.015237
4200.000000	360.000000	0.014609
4300.000000	360.000000	0.013996
4400.000000	360.000000	0.013401
4500.000000	360.000000	0.012826
4600.000000	360.000000	0.012273
4700.000000	360.000000	0.011742
4800.000000	360.000000	0.011233
4900.000000	360.000000	0.010746
5000.000000	360.000000	0.010329
500.000000	370.000000	0.428303
600.000000	370.000000	0.309881
700.000000	370.000000	0.325255
800.000000	370.000000	0.315930
900.000000	370.000000	0.284503
1000.000000	370.000000	0.247691
1100.000000	370.000000	0.212673
1200.000000	370.000000	0.181887
1300.000000	370.000000	0.155735
1400.000000	370.000000	0.133845
1500.000000	370.000000	0.115614
1600.000000	370.000000	0.100431
1700.000000	370.000000	0.087749
1800.000000	370.000000	0.077110
1900.000000	370.000000	0.069857
2000.000000	370.000000	0.064753
2100.000000	370.000000	0.059846
2200.000000	370.000000	0.055225
2300.000000	370.000000	0.050932
2400.000000	370.000000	0.046977
2500.000000	370.000000	0.043355
2600.000000	370.000000	0.040050
2700.000000	370.000000	0.037040
2800.000000	370.000000	0.034303
2900.000000	370.000000	0.031814
3000.000000	370.000000	0.029550
3100.000000	370.000000	0.027576
3200.000000	370.000000	0.026139
3300.000000	370.000000	0.024765
3400.000000	370.000000	0.023458
3500.000000	370.000000	0.022221
3600.000000	370.000000	0.021051
3700.000000	370.000000	0.019950
3800.000000	370.000000	0.018913
3900.000000	370.000000	0.017939
4000.000000	370.000000	0.017025
4100.000000	370.000000	0.016167
4200.000000	370.000000	0.015362
4300.000000	370.000000	0.014606
4400.000000	370.000000	0.014004
4500.000000	370.000000	0.013447
4600.000000	370.000000	0.012911
4700.000000	370.000000	0.012397
4800.000000	370.000000	0.011906
4900.000000	370.000000	0.011435
5000.000000	370.000000	0.010986
500.000000	380.000000	0.642333
600.000000	380.000000	0.490584
700.000000	380.000000	0.377577
800.000000	380.000000	0.296654
900.000000	380.000000	0.238345
1000.000000	380.000000	0.208395
1100.000000	380.000000	0.190889
1200.000000	380.000000	0.171877
1300.000000	380.000000	0.153521
1400.000000	380.000000	0.136724
1500.000000	380.000000	0.121764
1600.000000	380.000000	0.108621
1700.000000	380.000000	0.097151
1800.000000	380.000000	0.087167
1900.000000	380.000000	0.078475
2000.000000	380.000000	0.070898
2100.000000	380.000000	0.064275
2200.000000	380.000000	0.058470
2300.000000	380.000000	0.053365
2400.000000	380.000000	0.048860
2500.000000	380.000000	0.044871
2600.000000	380.000000	0.041327
2700.000000	380.000000	0.038167
2800.000000	380.000000	0.035340
2900.000000	380.000000	0.033043
3000.000000	380.000000	0.031148
3100.000000	380.000000	0.029378
3200.000000	380.000000	0.027727
3300.000000	380.000000	0.026188
3400.000000	380.000000	0.024756
3500.000000	380.000000	0.023422
3600.000000	380.000000	0.022180
3700.000000	380.000000	0.021023
3800.000000	380.000000	0.019945
3900.000000	380.000000	0.018940
4000.000000	380.000000	0.018002
4100.000000	380.000000	0.017127
4200.000000	380.000000	0.016309
4300.000000	380.000000	0.015543
4400.000000	380.000000	0.014827
4500.000000	380.000000	0.014156
4600.000000	380.000000	0.013527
4700.000000	380.000000	0.012936
4800.000000	380.000000	0.012414
4900.000000	380.000000	0.011949
5000.000000	380.000000	0.011507
500.000000	390.000000	0.806854
600.000000	390.000000	0.635682
700.000000	390.000000	0.498469
800.000000	390.000000	0.395541
900.000000	390.000000	0.319457
1000.000000	390.000000	0.262659
1100.000000	390.000000	0.219463
1200.000000	390.000000	0.185956
1300.000000	390.000000	0.159489
1400.000000	390.000000	0.138240
1500.000000	390.000000	0.120937
1600.000000	390.000000	0.106666
1700.000000	390.000000	0.094765
1800.000000	390.000000	0.084739
1900.000000	390.000000	0.076216
2000.000000	390.000000	0.069459
2100.000000	390.000000	0.063965
2200.000000	390.000000	0.059017
2300.000000	390.000000	0.054559
2400.000000	390.000000	0.050542
2500.000000	390.000000	0.046916
2600.000000	390.000000	0.043639
2700.000000	390.000000	0.040671
2800.000000	390.000000	0.037979
2900.000000	390.000000	0.035531
3000.000000	390.000000	0.033301
3100.000000	390.000000	0.031265
3200.000000	390.000000	0.029403
3300.000000	390.000000	0.027697
3400.000000	390.000000	0.026129
3500.000000	390.000000	0.024687
3600.000000	390.000000	0.023357
3700.000000	390.000000	0.022129
3800.000000	390.000000	0.020993
3900.000000	390.000000	0.019941
4000.000000	390.000000	0.018963
4100.000000	390.000000	0.018055
4200.000000	390.000000	0.017208
4300.000000	390.000000	0.016419
4400.000000	390.000000	0.015683
4500.000000	390.000000	0.014993
4600.000000	390.000000	0.014348
4700.000000	390.000000	0.013743
4800.000000	390.000000	0.013175
4900.000000	390.000000	0.012641
5000.000000	390.000000	0.012138
500.000000	400.000000	0.882340
600.000000	400.000000	0.706178
700.000000	400.000000	0.559315
800.000000	400.000000	0.446307
900.000000	400.000000	0.361534
1000.000000	400.000000	0.297758
1100.000000	400.000000	0.249060
1200.000000	400.000000	0.211200
1300.000000	400.000000	0.181248
1400.000000	400.000000	0.157175
1500.000000	400.000000	0.137554
1600.000000	400.000000	0.121361
1700.000000	400.000000	0.107847
1800.000000	400.000000	0.096457
1900.000000	400.000000	0.086771
2000.000000	400.000000	0.078467
2100.000000	400.000000	0.071295
2200.000000	400.000000	0.065060
2300.000000	400.000000	0.059606
2400.000000	400.000000	0.054808
2500.000000	400.000000	0.050566
2600.000000	400.000000	0.046797
2700.000000	400.000000	0.043433
2800.000000	400.000000	0.040419
2900.000000	400.000000	0.037708
3000.000000	400.000000	0.035260
3100.000000	400.000000	0.033044
3200.000000	400.000000	0.031030
3300.000000	400.000000	0.029194
3400.000000	400.000000	0.027517
3500.000000	400.000000	0.025980
3600.000000	400.000000	0.024569
3700.000000	400.000000	0.023270
3800.000000	400.000000	0.022071
3900.000000	400.000000	0.020963
4000.000000	400.000000	0.019937
4100.000000	400.000000	0.018984
4200.000000	400.000000	0.018098
4300.000000	400.000000	0.017273
4400.000000	400.000000	0.016503
4500.000000	400.000000	0.015783
4600.000000	400.000000	0.015110
4700.000000	400.000000	0.014479
4800.000000	400.000000	0.013887
4900.000000	400.000000	0.013331
5000.000000	400.000000	0.012808
500.000000	410.000000	0.851810
600.000000	410.000000	0.682709
700.000000	410.000000	0.541196
800.000000	410.000000	0.432050
900.000000	410.000000	0.350069
1000.000000	410.000000	0.288354
1100.000000	410.000000	0.241216
1200.000000	410.000000	0.204562
1300.000000	410.000000	0.175560
1400.000000	410.000000	0.152249
1500.000000	410.000000	0.133246
1600.000000	410.000000	0.117563
1700.000000	410.000000	0.104475
1800.000000	410.000000	0.093443
1900.000000	410.000000	0.084060
2000.000000	410.000000	0.076017
2100.000000	410.000000	0.069592
2200.000000	410.000000	0.064340
2300.000000	410.000000	0.059585
2400.000000	410.000000	0.055280
2500.000000	410.000000	0.051381
2600.000000	410.000000	0.047845
2700.000000	410.000000	0.044635
2800.000000	410.000000	0.041715
2900.000000	410.000000	0.039056
3000.000000	410.000000	0.036629
3100.000000	410.000000	0.034410
3200.000000	410.000000	0.032377
3300.000000	410.000000	0.030511
3400.000000	410.000000	0.028796
3500.000000	410.000000	0.027216
3600.000000	410.000000	0.025759
3700.000000	410.000000	0.024411
3800.000000	410.000000	0.023164
3900.000000	410.000000	0.022007
4000.000000	410.000000	0.020932
4100.000000	410.000000	0.019933
4200.000000	410.000000	0.019001
4300.000000	410.000000	0.018133
4400.000000	410.000000	0.017321
4500.000000	410.000000	0.016561
4600.000000	410.000000	0.015850
4700.000000	410.000000	0.015183
4800.000000	410.000000	0.014556
4900.000000	410.000000	0.013967
5000.000000	410.000000	0.013412
500.000000	420.000000	0.726064
600.000000	420.000000	0.572607
700.000000	420.000000	0.448755
800.000000	420.000000	0.355759
900.000000	420.000000	0.287126
1000.000000	420.000000	0.235983
1100.000000	420.000000	0.209109
1200.000000	420.000000	0.193539
1300.000000	420.000000	0.176382
1400.000000	420.000000	0.159478
1500.000000	420.000000	0.143689
1600.000000	420.000000	0.129352
1700.000000	420.000000	0.116533
1800.000000	420.000000	0.105165
1900.000000	420.000000	0.095125
2000.000000	420.000000	0.086271
2100.000000	420.000000	0.078460
2200.000000	420.000000	0.071560
2300.000000	420.000000	0.065454
2400.000000	420.000000	0.060036
2500.000000	420.000000	0.055218
2600.000000	420.000000	0.050920
2700.000000	420.000000	0.047076
2800.000000	420.000000	0.043628
2900.000000	420.000000	0.040526
3000.000000	420.000000	0.037728
3100.000000	420.000000	0.035198
3200.000000	420.000000	0.033121
3300.000000	420.000000	0.031395
3400.000000	420.000000	0.029773
3500.000000	420.000000	0.028249
3600.000000	420.000000	0.026819
3700.000000	420.000000	0.025478
3800.000000	420.000000	0.024221
3900.000000	420.000000	0.023042
4000.000000	420.000000	0.021937
4100.000000	420.000000	0.020901
4200.000000	420.000000	0.019929
4300.000000	420.000000	0.019017
4400.000000	420.000000	0.018160
4500.000000	420.000000	0.017355
4600.000000	420.000000	0.016598
4700.000000	420.000000	0.015886
4800.000000	420.000000	0.015215
4900.000000	420.000000	0.014583
5000.000000	420.000000	0.013987
500.000000	430.000000	0.538193
600.000000	430.000000	0.405810
700.000000	430.000000	0.307637
800.000000	430.000000	0.323610
900.000000	430.000000	0.321360
1000.000000	430.000000	0.298199
1100.000000	430.000000	0.267433
1200.000000	430.000000	0.235888
1300.000000	430.000000	0.206572
1400.000000	430.000000	0.180545
1500.000000	430.000000	0.157956
1600.000000	430.000000	0.138562
1700.000000	430.000000	0.121986
1800.000000	430.000000	0.107831
1900.000000	430.000000	0.095725
2000.000000	430.000000	0.085343
2100.000000	430.000000	0.076410
2200.000000	430.000000	0.070193
2300.000000	430.000000	0.065785
2400.000000	430.000000	0.061505
2500.000000	430.000000	0.057419
2600.000000	430.000000	0.053564
2700.000000	430.000000	0.049958
2800.000000	430.000000	0.046602
2900.000000	430.000000	0.043493
3000.000000	430.000000	0.040618
3100.000000	430.000000	0.037965
3200.000000	430.000000	0.035520
3300.000000	430.000000	0.033267
3400.000000	430.000000	0.031191
3500.000000	430.000000	0.029277
3600.000000	430.000000	0.027586
3700.000000	430.000000	0.026345
3800.000000	430.000000	0.025150
3900.000000	430.000000	0.024004
4000.000000	430.000000	0.022908
4100.000000	430.000000	0.021864
4200.000000	430.000000	0.020870
4300.000000	430.000000	0.019926
4400.000000	430.000000	0.019030
4500.000000	430.000000	0.018181
4600.000000	430.000000	0.017377
4700.000000	430.000000	0.016615
4800.000000	430.000000	0.015894
4900.000000	430.000000	0.015212
5000.000000	430.000000	0.014566
500.000000	440.000000	0.330604
600.000000	440.000000	0.354338
700.000000	440.000000	0.440597
800.000000	440.000000	0.443559
900.000000	440.000000	0.403997
1000.000000	440.000000	0.350630
1100.000000	440.000000	0.297744
1200.000000	440.000000	0.250796
1300.000000	440.000000	0.211055
1400.000000	440.000000	0.178114
1500.000000	440.000000	0.151032
1600.000000	440.000000	0.128804
1700.000000	440.000000	0.116184
1800.000000	440.000000	0.109071
1900.000000	440.000000	0.101278
2000.000000	440.000000	0.093375
2100.000000	440.000000	0.085703
2200.000000	440.000000	0.078453
2300.000000	440.000000	0.071720
2400.000000	440.000000	0.065537
2500.000000	440.000000	0.059902
2600.000000	440.000000	0.054790
2700.000000	440.000000	0.050168
2800.000000	440.000000	0.046835
2900.000000	440.000000	0.044424
3000.000000	440.000000	0.042026
3100.000000	440.000000	0.039680
3200.000000	440.000000	0.037415
3300.000000	440.000000	0.035247
3400.000000	440.000000	0.033186
3500.000000	440.000000	0.031238
3600.000000	440.000000	0.029403
3700.000000	440.000000	0.027680
3800.000000	440.000000	0.026066
3900.000000	440.000000	0.024785
4000.000000	440.000000	0.023766
4100.000000	440.000000	0.022764
4200.000000	440.000000	0.021787
4300.000000	440.000000	0.020839
4400.000000	440.000000	0.019923
4500.000000	440.000000	0.019042
4600.000000	440.000000	0.018197
4700.000000	440.000000	0.017388
4800.000000	440.000000	0.016615
4900.000000	440.000000	0.015879
5000.000000	440.000000	0.015262
500.000000	450.000000	0.345130
600.000000	450.000000	0.538472
700.000000	450.000000	0.580642
800.000000	450.000000	0.529788
900.000000	450.000000	0.446291
1000.000000	450.000000	0.362770
1100.000000	450.000000	0.291102
1200.000000	450.000000	0.233258
1300.000000	450.000000	0.187683
1400.000000	450.000000	0.167315
1500.000000	450.000000	0.159468
1600.000000	450.000000	0.147825
1700.000000	450.000000	0.134663
1800.000000	450.000000	0.121344
1900.000000	450.000000	0.108622
2000.000000	450.000000	0.096872
2100.000000	450.000000	0.086240
2200.000000	450.000000	0.076744
2300.000000	450.000000	0.070727
2400.000000	450.000000	0.066987
2500.000000	450.000000	0.062963
2600.000000	450.000000	0.058853
2700.000000	450.000000	0.054792
2800.000000	450.000000	0.050867
2900.000000	450.000000	0.047133
3000.000000	450.000000	0.043618
3100.000000	450.000000	0.040338
3200.000000	450.000000	0.037959
3300.000000	450.000000	0.036246
3400.000000	450.000000	0.034494
3500.000000	450.000000	0.032741
3600.000000	450.000000	0.031013
3700.000000	450.000000	0.029331
3800.000000	450.000000	0.027707
3900.000000	450.000000	0.026151
4000.000000	450.000000	0.024668
4100.000000	450.000000	0.023511
4200.000000	450.000000	0.022612
4300.000000	450.000000	0.021707
4400.000000	450.000000	0.020807
4500.000000	450.000000	0.019920
4600.000000	450.000000	0.019052
4700.000000	450.000000	0.018207
4800.000000	450.000000	0.017389
4900.000000	450.000000	0.016600
5000.000000	450.000000	0.015956
500.000000	460.000000	0.541631
600.000000	460.000000	0.704936
700.000000	460.000000	0.676717
800.000000	460.000000	0.562410
900.000000	460.000000	0.436917
1000.000000	460.000000	0.330353
1100.000000	460.000000	0.248160
1200.000000	460.000000	0.220165
1300.000000	460.000000	0.215850
1400.000000	460.000000	0.200276
1500.000000	460.000000	0.179822
1600.000000	460.000000	0.158276
1700.000000	460.000000	0.137663
1800.000000	460.000000	0.118922
1900.000000	460.000000	0.102375
2000.000000	460.000000	0.096689
2100.000000	460.000000	0.091361
2200.000000	460.000000	0.085093
2300.000000	460.000000	0.078448
2400.000000	460.000000	0.071798
2500.000000	460.000000	0.065377
2600.000000	460.000000	0.059323
2700.000000	460.000000	0.054256
2800.000000	460.000000	0.051886
2900.000000	460.000000	0.049222
3000.000000	460.000000	0.046404
3100.000000	460.000000	0.043538
3200.000000	460.000000	0.040698
3300.000000	460.000000	0.037936
3400.000000	460.000000	0.035287
3500.000000	460.000000	0.033369
3600.000000	460.000000	0.032003
3700.000000	460.000000	0.030565
3800.000000	460.000000	0.029093
3900.000000	460.000000	0.027615
4000.000000	460.000000	0.026154
4100.000000	460.000000	0.024726
4200.000000	460.000000	0.023342
4300.000000	460.000000	0.022454
4400.000000	460.000000	0.021626
4500.000000	460.000000	0.020776
4600.000000	460.000000	0.019917
4700.000000	460.000000	0.019060
4800.000000	460.000000	0.018213
4900.000000	460.000000	0.017382
5000.000000	460.000000	0.016620
500.000000	470.000000	0.733773
600.000000	470.000000	0.826385
700.000000	470.000000	0.709228
800.000000	470.000000	0.533331
900.000000	470.000000	0.377187
1000.000000	470.000000	0.260549
1100.000000	470.000000	0.278578
1200.000000	470.000000	0.271195
1300.000000	470.000000	0.245316
1400.000000	470.000000	0.212698
1500.000000	470.000000	0.179864
1600.000000	470.000000	0.149883
1700.000000	470.000000	0.128944
1800.000000	470.000000	0.124947
1900.000000	470.000000	0.117212
2000.000000	470.000000	0.107541
2100.000000	470.000000	0.097157
2200.000000	470.000000	0.086835
2300.000000	470.000000	0.077029
2400.000000	470.000000	0.071204
2500.000000	470.000000	0.067984
2600.000000	470.000000	0.064030
2700.000000	470.000000	0.059687
2800.000000	470.000000	0.055202
2900.000000	470.000000	0.050750
3000.000000	470.000000	0.046444
3100.000000	470.000000	0.044236
3200.000000	470.000000	0.042277
3300.000000	470.000000	0.040109
3400.000000	470.000000	0.037828
3500.000000	470.000000	0.035508
3600.000000	470.000000	0.033203
3700.000000	470.000000	0.031039
3800.000000	470.000000	0.029938
3900.000000	470.000000	0.028718
4000.000000	470.000000	0.027422
4100.000000	470.000000	0.026085
4200.000000	470.000000	0.024735
4300.000000	470.000000	0.023394
4400.000000	470.000000	0.022292
4500.000000	470.000000	0.021544
4600.000000	470.000000	0.020745
4700.000000	470.000000	0.019915
4800.000000	470.000000	0.019067
4900.000000	470.000000	0.018215
5000.000000	470.000000	0.017366
500.000000	480.000000	0.897455
600.000000	480.000000	0.882315
700.000000	480.000000	0.671766
800.000000	480.000000	0.448738
900.000000	480.000000	0.280485
1000.000000	480.000000	0.340218
1100.000000	480.000000	0.335646
1200.000000	480.000000	0.297734
1300.000000	480.000000	0.248847
1400.000000	480.000000	0.200913
1500.000000	480.000000	0.158911
1600.000000	480.000000	0.159461
1700.000000	480.000000	0.150947
1800.000000	480.000000	0.137530
1900.000000	480.000000	0.122109
2000.000000	480.000000	0.106505
2100.000000	480.000000	0.091749
2200.000000	480.000000	0.089197
2300.000000	480.000000	0.084460
2400.000000	480.000000	0.078443
2500.000000	480.000000	0.071811
2600.000000	480.000000	0.065029
2700.000000	480.000000	0.058404
2800.000000	480.000000	0.056427
2900.000000	480.000000	0.053715
3000.000000	480.000000	0.050542
3100.000000	480.000000	0.047121
3200.000000	480.000000	0.043611
3300.000000	480.000000	0.040127
3400.000000	480.000000	0.038769
3500.000000	480.000000	0.037104
3600.000000	480.000000	0.035237
3700.000000	480.000000	0.033250
3800.000000	480.000000	0.031212
3900.000000	480.000000	0.029170
4000.000000	480.000000	0.028232
4100.000000	480.000000	0.027145
4200.000000	480.000000	0.025956
4300.000000	480.000000	0.024704
4400.000000	480.000000	0.023419
4500.000000	480.000000	0.022126
4600.000000	480.000000	0.021460
4700.000000	480.000000	0.020715
4800.000000	480.000000	0.019913
4900.000000	480.000000	0.019073
5000.000000	480.000000	0.018213
500.000000	490.000000	1.010828
600.000000	490.000000	0.864109
700.000000	490.000000	0.572588
800.000000	490.000000	0.326725
900.000000	490.000000	0.392932
1000.000000	490.000000	0.410304
1100.000000	490.000000	0.362776
1200.000000	490.000000	0.293109
1300.000000	490.000000	0.224815
1400.000000	490.000000	0.193520
1500.000000	490.000000	0.193214
1600.000000	490.000000	0.179102
1700.000000	490.000000	0.158275
1800.000000	490.000000	0.135459
1900.000000	490.000000	0.113387
2000.000000	490.000000	0.110870
2100.000000	490.000000	0.105146
2200.000000	490.000000	0.096797
2300.000000	490.000000	0.087191
2400.000000	490.000000	0.077274
2500.000000	490.000000	0.071632
2600.000000	490.000000	0.068808
2700.000000	490.000000	0.064769
2800.000000	490.000000	0.060018
2900.000000	490.000000	0.054934
3000.000000	490.000000	0.050011
3100.000000	490.000000	0.048427
3200.000000	490.000000	0.046209
3300.000000	490.000000	0.043574
3400.000000	490.000000	0.040696
3500.000000	490.000000	0.037709
3600.000000	490.000000	0.035896
3700.000000	490.000000	0.034563
3800.000000	490.000000	0.032973
3900.000000	490.000000	0.031215
4000.000000	490.000000	0.029360
4100.000000	490.000000	0.027658
4200.000000	490.000000	0.026800
4300.000000	490.000000	0.025777
4400.000000	490.000000	0.024638
4500.000000	490.000000	0.023422
4600.000000	490.000000	0.022163
4700.000000	490.000000	0.021377
4800.000000	490.000000	0.020685
4900.000000	490.000000	0.019910
5000.000000	490.000000	0.019078
500.000000	500.000000	1.058835
600.000000	500.000000	0.776828
700.000000	500.000000	0.431589
800.000000	500.000000	0.401826
900.000000	500.000000	0.487425
1000.000000	500.000000	0.446279
1100.000000	500.000000	0.353372
1200.000000	500.000000	0.257498
1300.000000	500.000000	0.229181
1400.000000	500.000000	0.231282
1500.000000	500.000000	0.211172
1600.000000	500.000000	0.181038
1700.000000	500.000000	0.148804
1800.000000	500.000000	0.134869
1900.000000	500.000000	0.131138
2000.000000	500.000000	0.121332
2100.000000	500.000000	0.108373
2200.000000	500.000000	0.094327
2300.000000	500.000000	0.086959
2400.000000	500.000000	0.083817
2500.000000	500.000000	0.078439
2600.000000	500.000000	0.071773
2700.000000	500.000000	0.064534
2800.000000	500.000000	0.060259
2900.000000	500.000000	0.058018
3000.000000	500.000000	0.054780
3100.000000	500.000000	0.050923
3200.000000	500.000000	0.046743
3300.000000	500.000000	0.044066
3400.000000	500.000000	0.042482
3500.000000	500.000000	0.040391
3600.000000	500.000000	0.037966
3700.000000	500.000000	0.035348
3800.000000	500.000000	0.033569
3900.000000	500.000000	0.032427
4000.000000	500.000000	0.031001
4100.000000	500.000000	0.029380
4200.000000	500.000000	0.027637
4300.000000	500.000000	0.026398
4400.000000	500.000000	0.025555
4500.000000	500.000000	0.024541
4600.000000	500.000000	0.023405
4700.000000	500.000000	0.022188
4800.000000	500.000000	0.021293
4900.000000	500.000000	0.020655
5000.000000	500.000000	0.019908
